name: PAINDjoris
channels:
  - conda-forge
  - defaults
dependencies:
  - asttokens=3.0.0=pyhd8ed1ab_1
  - bzip2=1.0.8=h2bbff1b_6
  - ca-certificates=2025.10.5=h4c7d964_0
  - colorama=0.4.6=pyhd8ed1ab_1
  - comm=0.2.3=pyhe01879c_0
  - cpython=3.11.13=py311hd8ed1ab_0
  - debugpy=1.8.17=py311h5dfdfe8_0
  - decorator=5.2.1=pyhd8ed1ab_0
  - exceptiongroup=1.3.0=pyhd8ed1ab_0
  - executing=2.2.1=pyhd8ed1ab_0
  - expat=2.7.1=h8ddb27b_0
  - importlib-metadata=8.7.0=pyhe01879c_1
  - ipykernel=6.30.1=pyh3521513_0
  - ipython=9.6.0=pyh6be1c34_0
  - ipython_pygments_lexers=1.1.1=pyhd8ed1ab_0
  - jedi=0.19.2=pyhd8ed1ab_1
  - jupyter_client=8.6.3=pyhd8ed1ab_1
  - jupyter_core=5.8.1=pyh5737063_0
  - krb5=1.21.3=hdf4eb48_0
  - libffi=3.4.4=hd77b12b_1
  - libsodium=1.0.20=hc70643c_0
  - libzlib=1.3.1=h02ab6af_0
  - matplotlib-inline=0.1.7=pyhd8ed1ab_1
  - nest-asyncio=1.6.0=pyhd8ed1ab_1
  - openssl=3.5.4=h725018a_0
  - packaging=25.0=pyh29332c3_1
  - parso=0.8.5=pyhcf101f3_0
  - pickleshare=0.7.5=pyhd8ed1ab_1004
  - pip=25.2=pyhc872135_0
  - platformdirs=4.5.0=pyhcf101f3_0
  - prompt-toolkit=3.0.52=pyha770c72_0
  - psutil=7.1.0=py311h3485c13_0
  - pure_eval=0.2.3=pyhd8ed1ab_1
  - pygments=2.19.2=pyhd8ed1ab_0
  - python=3.11.13=h981015d_0
  - python-dateutil=2.9.0.post0=pyhe01879c_2
  - python_abi=3.11=2_cp311
  - pywin32=311=py311hefeebc8_1
  - pyzmq=27.1.0=py311hb77b9c8_0
  - setuptools=78.1.1=py311haa95532_0
  - six=1.17.0=pyhe01879c_1
  - sqlite=3.50.2=hda9a48d_1
  - stack_data=0.6.3=pyhd8ed1ab_1
  - tk=8.6.15=hf199647_0
  - tornado=6.5.2=py311h3485c13_1
  - traitlets=5.14.3=pyhd8ed1ab_1
  - typing_extensions=4.15.0=pyhcf101f3_0
  - ucrt=10.0.22621.0=haa95532_0
  - vc=14.3=h2df5915_10
  - vc14_runtime=14.44.35208=h4927774_10
  - vs2015_runtime=14.44.35208=ha6b5a95_10
  - wcwidth=0.2.14=pyhd8ed1ab_0
  - wheel=0.45.1=py311haa95532_0
  - xz=5.6.4=h4754444_1
  - zeromq=4.3.5=h5bddc39_9
  - zipp=3.23.0=pyhd8ed1ab_0
  - zlib=1.3.1=h02ab6af_0
  - pip:
      - certifi==2025.10.5
      - charset-normalizer==3.4.3
      - contourpy==1.3.3
      - cycler==0.12.1
      - filelock==3.20.0
      - fonttools==4.60.1
      - fsspec==2025.9.0
      - greenlet==3.2.4
      - idna==3.10
      - imageio==2.37.0
      - imageio-ffmpeg==0.6.0
      - ipywidgets==8.1.7
      - jinja2==3.1.6
      - jupyterlab-widgets==3.0.15
      - kiwisolver==1.4.9
      - lxml==6.0.2
      - markupsafe==3.0.3
      - matplotlib==3.10.7
      - moviepy==2.2.1
      - mpmath==1.3.0
      - networkx==3.5
      - numpy==2.2.6
      - obspy==1.4.2
      - opencv-python==4.12.0.88
      - pandas==2.3.3
      - pillow==11.3.0
      - polars==1.34.0
      - polars-runtime-32==1.34.0
      - proglog==0.1.12
      - pyparsing==3.2.5
      - pytesseract==0.3.13
      - python-dotenv==1.1.1
      - pytz==2025.2
      - pyyaml==6.0.3
      - requests==2.32.5
      - scipy==1.16.2
      - segyio==1.9.13
      - sqlalchemy==1.4.54
      - sympy==1.14.0
      - torch==2.8.0
      - torchvision==0.23.0
      - tqdm==4.67.1
      - tzdata==2025.2
      - ultralytics==8.3.208
      - ultralytics-thop==2.0.17
      - urllib3==2.5.0
      - widgetsnbextension==4.0.14
prefix: C:\Users\Joris Gisler\anaconda3\envs\PAINDjoris
